0.23
0.25
0.28
0.19
0.3
0.3
0.24
0.2
0.31
0.31
0.34
0.33
0.29
0.25
0.39
0.28
0.23
0.34
0.28
0.31
0.28
0.26
0.36
0.24
0.26
0.21
0.28
0.24
0.32
0.28
0.25
0.27
0.31
0.27
0.25
0.35
0.31
0.26
0.2
0.34
0.29
0.27
0.34
0.28
0.29
0.19
0.34
0.36
0.3
0.22
0.22
0.34
0.29
0.25
0.28
0.24
0.3
0.31
0.22
0.31
0.25
0.26
0.25
0.22
0.32
0.25
0.25
0.19
0.25
0.33
0.3
0.3
0.27
0.3
0.24
0.28
0.32
0.32
0.23
0.29
0.22
0.25
0.27
0.29
0.31
0.29
0.27
0.29
0.24
0.25
0.21
0.2
0.3
0.29
0.29
0.32
0.29
0.32
0.25
0.27
0.22
0.24
0.22
0.34
0.25
0.26
0.25
0.21
0.29
0.21
0.23
0.23
0.27
0.34
0.2
0.24
0.19
0.28
0.32
0.28
0.38
0.25
0.24
0.33
0.21
0.24
0.32
0.24
0.23
0.3
0.24
0.25
0.22
0.26
0.33
0.33
0.23
0.37
0.32
0.23
0.27
0.27
0.23
0.28
0.27
0.23
0.25
0.25
0.31
0.24
0.33
0.23
0.26
0.29
0.35
0.26
0.35
0.31
0.32
0.24
0.23
0.24
0.21
0.28
0.26
0.19
0.28
0.25
0.25
0.24
0.19
0.28
0.34
0.26
0.29
0.36
0.31
0.28
0.22
0.27
0.26
0.32
0.27
0.26
0.29
0.32
0.31
0.22
0.25
0.18
0.31
0.22
0.23
0.28
0.21
0.22
0.3
0.34
0.23
0.26
0.31
0.31
0.3
0.23
0.29
0.33
0.26
0.26
0.3
0.27
0.3
0.24
0.34
0.23
0.3
0.36
0.26
0.26
0.3
0.25
0.23
0.3
0.24
0.29
0.29
0.35
0.26
0.2
0.27
0.24
0.16
0.3
0.32
0.27
0.29
0.29
0.27
0.26
0.3
0.26
0.22
0.31
0.38
0.32
0.2
0.31
0.16
0.34
0.22
0.18
0.27
0.27
0.32
0.24
0.21
0.27
0.22
0.34
0.26
0.24
0.27
0.32
0.31
0.35
0.28
0.27
0.32
0.28
0.3
0.24
0.31
0.36
0.33
0.23
0.24
0.3
0.34
0.28
0.33
0.3
0.37
0.25
0.23
0.28
0.23
0.31
0.25
0.32
0.25
0.24
0.27
0.3
0.36
0.3
0.33
0.28
0.24
0.23
0.29
0.23
0.31
0.3
0.29
0.3
0.2
0.27
0.22
0.31
0.3
0.26
0.3
0.34
0.28
0.25
0.35
0.28
0.21
0.22
0.31
0.3
0.35
0.27
0.27
0.29
0.28
0.28
0.27
0.29
0.33
0.28
0.27
0.3
0.19
0.27
0.23
0.31
0.27
0.35
0.22
0.23
0.26
0.33
0.28
0.31
0.26
0.28
0.29
0.17
0.29
0.31
0.2
0.3
0.24
0.25
0.29
0.36
0.34
0.27
0.34
0.34
0.3
0.22
0.31
0.26
0.3
0.27
0.34
0.31
0.22
0.26
0.36
0.26
0.28
0.31
0.29
0.2
0.22
0.28
0.23
0.35
0.29
0.3
0.31
0.29
0.28
0.31
0.28
0.24
0.29
0.26
0.27
0.24
0.25
0.3
0.27
0.22
0.31
0.24
0.37
0.33
0.3
0.28
0.33
0.19
0.3
0.3
0.3
0.27
0.26
0.34
0.28
0.31
0.25
0.26
0.26
0.27
0.24
0.3
0.28
0.3
0.3
0.3
0.28
0.27
0.29
0.3
0.3
0.31
0.31
0.23
0.27
0.31
0.31
0.31
0.29
0.34
0.3
0.27
0.19
0.24
0.28
0.3
0.28
0.29
0.4
0.32
0.28
0.34
0.3
0.34
0.34
0.34
0.28
0.25
0.26
0.28
0.32
0.29
0.25
0.33
0.31
0.27
0.28
0.26
0.25
0.24
0.31
0.33
0.28
0.18
0.3
0.31
0.23
0.23
0.19
0.34
0.31
0.32
0.3
0.18
0.3
0.2
0.33
0.25
0.32
0.24
0.2
0.23
0.34
0.29
0.27
0.29
0.31
0.31
0.32
0.3
0.23
0.3
0.29
0.28
0.28
0.29
0.31
0.29
0.31
0.29
0.35
0.25
0.23
0.29
0.32
0.32
0.29
0.19
0.3
0.22
0.32
0.28
0.32
0.19
0.28
0.32
0.33
0.33
0.27
0.32
0.31
0.29
0.24
0.3
0.31
0.24
0.3
0.31
0.21
0.3
0.26
0.3
0.25
0.25
0.29
0.22
0.29
0.32
0.22
0.27
0.32
0.27
0.27
0.3
0.28
0.33
0.2
0.24
0.25
0.27
0.3
0.27
0.27
0.35
0.21
0.27
0.29
0.28
0.32
0.29
0.32
0.26
0.24
0.24
0.38
0.25
0.23
0.36
0.32
0.36
0.2
0.25
0.25
0.34
0.21
0.23
0.23
0.25
0.26
0.31
0.31
0.36
0.2
0.28
0.22
0.3
0.27
0.28
0.19
0.23
0.34
0.26
0.2
0.37
0.29
0.22
0.38
0.2
0.27
0.28
0.29
0.29
0.27
0.28
0.36
0.27
0.31
0.34
0.33
0.22
0.3
0.29
0.29
0.27
0.27
0.25
0.34
0.25
0.23
0.24
0.28
0.32
0.23
0.3
0.25
0.32
0.22
0.29
0.25
0.28
0.25
0.28
0.36
0.27
0.23
0.15
0.19
0.28
0.32
0.28
0.21
0.32
0.22
0.33
0.3
0.23
0.29
0.22
0.19
0.33
0.25
0.23
0.32
0.32
0.18
0.22
0.33
0.29
0.24
0.28
0.19
0.19
0.3
0.29
0.15
0.33
0.23
0.22
0.3
0.26
0.31
0.28
0.28
0.34
0.31
0.31
0.23
0.21
0.15
0.3
0.25
0.26
0.34
0.34
0.25
0.23
0.27
0.2
0.23
0.32
0.31
0.27
0.29
0.34
0.23
0.31
0.25
0.33
0.32
0.3
0.27
0.23
0.21
0.34
0.25
0.32
0.3
0.28
0.3
0.29
0.23
0.2
0.27
0.34
0.29
0.34
0.3
0.27
0.27
0.28
0.3
0.34
0.3
0.32
0.26
0.3
0.31
0.31
0.29
0.23
0.23
0.24
0.28
0.29
0.24
0.27
0.29
0.26
0.29
0.21
0.23
0.21
0.3
0.33
0.27
0.26
0.28
0.33
0.2
0.22
0.3
0.24
0.28
0.32
0.23
0.33
0.31
0.24
0.22
0.28
0.28
0.31
0.32
0.27
0.25
0.25
0.28
0.31
0.24
0.23
0.27
0.34
0.23
0.25
0.29
0.23
0.28
0.29
0.32
0.19
0.19
0.25
0.23
0.31
0.24
0.31
0.24
0.31
0.22
0.26
0.19
0.28
0.24
0.31
0.32
0.2
0.25
0.32
0.32
0.24
0.39
0.31
0.34
0.26
0.29
0.27
0.34
0.34
0.27
0.23
0.26
0.35
0.32
0.34
0.32
0.27
0.2
0.21
0.29
0.33
0.18
0.32
0.26
0.24
0.34
0.36
0.29
0.3
0.3
0.27
0.35
0.24
0.31
0.29
0.29
0.18
0.28
0.3
0.2
0.3
0.23
0.22
0.25
0.28
0.24
0.23
0.29
0.29
0.24
0.23
0.28
0.34
0.2
0.35
0.34
0.29
0.27
0.29
0.29
0.31
0.28
0.36
0.3
0.3
0.26
0.29
0.23
0.33
0.2
0.29
0.27
0.38
0.27
0.33
0.29
0.21
0.35
0.29
0.21
0.26
0.27
0.32
0.34
0.26
0.27
0.3
0.27
0.29
0.31
0.32
0.33
0.24
0.19
0.25
0.28
0.29
0.24
0.26
0.25
0.27
0.31
0.25
0.29
0.26
0.28
0.32
0.24
0.33
0.25
0.3
0.26
0.23
0.27
0.21
0.24
0.3
0.29
0.32
0.38
0.27
0.23
0.24
0.2
0.29
0.36
0.23
0.24
0.23
0.32
0.31
0.29
0.34
0.26
0.25
0.34
0.34
0.3
0.23
0.25
0.27
0.27
0.23
0.23
0.3
0.27
0.28
0.19
0.33
0.35
0.32
0.31
0.23
0.27
0.3
0.22
0.34
0.25
0.19
0.26
0.3
0.13
0.3
0.26
0.2
0.28
0.3
0.31
0.25
0.3
0.35
0.28
0.3
0.24
0.29
0.3
0.31
0.17
0.32
0.35
0.27
0.36
0.26
0.36
0.26
0.35
0.25
0.27
0.34
0.24
0.26
0.3
0.21
0.32
0.32
